{
  "total_requests": 8000,
  "successful": 8000,
  "errors": 0,
  "elapsed_sec": 7.9117124379990855,
  "throughput_rps": 1011.1590964273271,
  "latency_ms_p50": 260.7024619974254,
  "latency_ms_p90": 274.0954075001355
}
