{
  "total_requests": 2000,
  "successful": 2000,
  "errors": 0,
  "elapsed_sec": 1.6050768269997207,
  "throughput_rps": 1246.0462741453237,
  "latency_ms_p50": 28.80671749881003,
  "latency_ms_p90": 35.22695239880704
}
