{
  "total_requests": 4000,
  "successful": 4000,
  "errors": 0,
  "elapsed_sec": 3.7223438100045314,
  "throughput_rps": 1074.5917637294042,
  "latency_ms_p50": 125.2676389995031,
  "latency_ms_p90": 134.52289860360906
}
